0 0 0 0 0 0 0 0 -1.000000 1 -1.000000
5 5 10 1 -2 3 4 -5 -1.000000 1 -1.000000
0 1 10 1 12 1 14 -4 -1.000000 1 -1.000000
4 0 9 0 11 0 9 -4 -1.000000 1 -1.000000
2 -2 10 3 11 3 5 3 -1.000000 1 -1.000000
-1 -5 6 0 8 0 10 5 -1.000000 1 -1.000000
7 -4 3 -3 5 -3 -1 -3 -1.000000 1 -1.000000
11 -1 8 0 10 0 12 -6 -1.000000 1 -1.000000
9 1 5 2 7 2 0 2 -1.000000 1 -1.000000
4 -3 1 -2 3 -2 -3 -2 -1.000000 1 -1.000000
14 0 10 1 12 1 5 1 -1.000000 1 -1.000000
12 -6 8 -4 10 -4 15 -10 -1.000000 1 -1.000000
7 -1 4 0 6 0 7 0 -1.000000 1 -1.000000
-11 -3 1 -6 0 -3 -17 1 -1.000000 1 -1.000000
0 -1 12 -3 11 0 5 0 -1.000000 1 -1.000000
-3 1 8 0 7 2 12 7 -1.000000 1 -1.000000
-14 -4 0 -6 -11 -2 -7 -3 -1.000000 1 -1.000000
-15 -1 0 -2 -13 0 -15 -2 -1.000000 1 -1.000000
0 1 10 1 12 1 16 -6 -1.000000 1 -1.000000
-4 -3 4 -3 7 -3 6 -6 -1.000000 1 -1.000000
0 1 10 1 12 1 19 -2 -3.000000 3 -1.000000
-12 4 -1 9 0 4 -6 4 -1.000000 1 -1.000000
-12 4 -2 9 0 4 -12 8 -1.000000 1 -1.000000
-6 0 4 6 5 0 0 0 -1.000000 1 -1.000000
-3 -2 6 2 8 -2 2 -2 -1.000000 1 -1.000000
-12 1 -2 6 0 1 -13 5 -1.000000 1 -1.000000
-12 4 -1 9 0 4 -13 8 -1.000000 1 -1.000000
-6 0 4 5 5 0 -1 0 -1.000000 1 -1.000000
0 -1 10 3 11 -1 18 -5 -1.000000 1 -1.000000
-13 4 -2 9 -1 6 -16 0 -1.000000 1 -1.000000
-10 4 0 9 1 6 -22 5 -1.000000 1 -1.000000
3 -7 5 1 7 -1 0 -3 -1.000000 1 -1.000000
2 -6 5 2 7 0 0 -5 -1.000000 1 -1.000000
3 -5 6 4 7 1 0 -3 -1.000000 1 -1.000000
0 -9 3 0 5 -2 -2 -5 -1.000000 1 -1.000000
10 -8 13 0 14 -2 7 -4 -1.000000 1 -1.000000
3 -7 10 1 12 -1 13 -7 -1.000000 1 -1.000000
2 5 10 10 12 7 9 8 -1.000000 1 -1.000000
-8 0 0 3 1 0 -5 -1 -1.000000 1 -1.000000
-6 6 1 10 3 7 -3 5 -1.000000 1 -1.000000
1 4 9 9 11 6 18 0 -1.000000 1 -1.000000
-10 5 -1 9 0 6 -29 9 -1.000000 1 -1.000000
7 -5 8 -5 1 -4 3 3 -1.000000 1 -1.000000
-1 2 0 1 -7 2 -5 5 -1.000000 1 -1.000000
8 0 13 1 8 5 5 2 -1.000000 1 -1.000000
-4 -1 0 1 -4 0 -8 2 -1.000000 1 -1.000000
-2 -6 2 -2 -1 -4 -5 -1 -1.000000 1 -1.000000
0 1 4 4 0 2 -5 0 -1.000000 1 -1.000000
0 -1 5 1 1 0 7 8 -1.000000 1 -1.000000
-5 -5 1 -3 2 -5 -2 0 -1.000000 1 -1.000000
0 -3 7 -1 7 -3 1 -7 -1.000000 1 -1.000000
-1 -1 -1 0 0 -2 -2 -2 -1.000000 1 -1.000000
-1 -4 -9 0 1 -5 -2 -1 -1.000000 1 -1.000000
9 0 1 5 12 0 8 3 -1.000000 1 -1.000000
5 -1 -1 4 9 -1 4 2 -1.000000 1 -1.000000
1 -5 -6 0 4 -6 8 -6 -1.000000 1 -1.000000
-1 -7 -7 -7 1 -7 -2 -3 -1.000000 1 -1.000000
5 0 -2 5 8 0 8 5 -1.000000 1 -1.000000
1 -4 -6 1 4 -4 8 -6 -1.000000 1 -1.000000
10 -5 8 -6 11 -6 19 -8 -1.000000 1 -1.000000
-8 6 -3 1 -8 0 -7 3 -1.000000 1 -1.000000
0 6 -4 4 -5 3 0 3 -1.000000 1 -1.000000
-4 -3 -5 0 -6 -2 -1 -2 -1.000000 1 -1.000000
1 2 0 4 0 3 4 2 -1.000000 1 -1.000000
-3 1 -3 -1 -4 -2 11 -10 -1.000000 1 -1.000000
-11 -5 -3 0 -6 2 -19 7 -1.000000 1 -1.000000
-5 -5 4 -2 1 0 -2 4 -1.000000 1 -1.000000
1 5 9 3 6 5 19 0 -1.000000 1 -1.000000
-8 6 0 4 -3 6 -9 3 -1.000000 1 -1.000000
7 4 2 -1 11 -3 -3 3 -1.000000 1 -1.000000
-4 9 -10 4 -1 2 -6 4 -1.000000 1 -1.000000
-3 10 -9 5 0 3 -11 9 -1.000000 1 -1.000000
7 8 2 2 10 0 4 0 -1.000000 1 -1.000000
-5 7 -11 2 0 6 -13 6 -1.000000 1 -1.000000
1 0 -4 -5 5 -1 -1 -2 -1.000000 1 -1.000000
6 9 0 4 10 8 7 6 -1.000000 1 -1.000000
6 6 7 1 5 -1 7 5 -1.000000 1 -1.000000
4 0 0 -5 -2 1 8 -9 -1.000000 1 -1.000000
0 0 -9 -2 -12 3 -9 -1 -1.000000 1 -1.000000
-6 6 -1 1 -7 -1 0 3 -1.000000 1 -1.000000
-5 4 0 -1 -5 -4 -1 6 -1.000000 1 -1.000000
-2 8 2 3 -1 8 0 4 -1.000000 1 -1.000000
0 2 5 -4 2 -5 16 3 -1.000000 1 -1.000000
1 -1 8 0 -1 -3 21 0 -1.000000 1 -1.000000
-4 0 2 3 -6 -2 -4 1 -1.000000 1 -1.000000
-1 -5 4 -2 -4 -8 -2 -9 -1.000000 1 -1.000000
2 -7 -3 -2 -9 2 -5 -3 -1.000000 1 -1.000000
6 -6 0 2 -4 3 -4 -2 -1.000000 1 -1.000000
5 -2 0 7 -5 7 -5 0 -1.000000 1 -1.000000
4 -2 -1 6 -7 7 0 3 -1.000000 1 -1.000000
1 0 -4 9 -10 9 -6 7 -1.000000 1 -1.000000
3 -2 -2 7 3 0 -9 9 -1.000000 1 -1.000000
14 -2 8 7 13 1 6 2 -1.000000 1 -1.000000
6 -5 -7 4 5 -1 -1 0 -1.000000 1 -1.000000
12 -3 0 5 12 0 5 1 -1.000000 1 -1.000000
8 -8 -5 1 8 -4 1 -3 -1.000000 1 -1.000000
3 -6 -10 2 3 -2 -3 -2 -1.000000 1 -1.000000
10 0 -2 8 10 2 3 3 -1.000000 1 -1.000000
0 -4 -13 4 0 -3 -6 0 -1.000000 1 -1.000000
0 -4 -13 5 0 -2 -12 0 -1.000000 1 -1.000000
8 -7 -5 2 6 -6 1 -5 -1.000000 1 -1.000000
1 -4 -12 5 0 -3 -11 0 -1.000000 1 -1.000000
11 -6 -2 3 9 -5 6 1 -1.000000 1 -1.000000
15 -8 1 1 13 -6 7 -3 -1.000000 1 -1.000000
-4 2 -12 2 -11 -7 -18 0 -1.000000 1 -1.000000
2 6 -2 10 0 0 -1 2 -1.000000 1 -1.000000
0 1 -5 4 -3 0 8 -6 -1.000000 1 -1.000000
1 0 -2 -3 -1 -1 -2 -4 -1.000000 1 -1.000000
-3 1 0 -2 -6 0 -9 1 -1.000000 1 -1.000000
-7 -2 -4 -7 -11 -5 -14 -2 -1.000000 1 -1.000000
4 3 4 1 0 -4 4 -2 -1.000000 1 -1.000000
-2 2 -2 0 -7 -5 -7 -8 -1.000000 1 -1.000000
-5 -6 2 0 -1 4 -2 4 -1.000000 1 -1.000000
0 -1 8 5 4 8 -2 -3 -1.000000 1 -1.000000
-9 -9 0 -2 -4 1 -24 0 -1.000000 1 -1.000000
-1 0 0 3 -3 1 5 5 -1.000000 1 -1.000000
-5 -1 -3 2 -7 0 1 3 -1.000000 1 -1.000000
-10 -3 -8 0 -12 -2 -3 1 -1.000000 1 -1.000000
-2 -10 0 -6 -4 -8 -1 0 -1.000000 1 -1.000000
1 -10 4 -6 0 -9 8 -10 -1.000000 1 -1.000000
-3 -8 0 -4 -4 -7 -4 -1 -1.000000 1 -1.000000
-12 -3 -9 1 -13 -1 -5 2 -1.000000 1 -1.000000
-8 -8 -5 -4 -10 -6 -15 -4 -1.000000 1 -1.000000
-14 -8 -5 -1 -15 -7 -7 -3 -1.000000 1 -1.000000
14 1 8 1 -1 -2 12 1 -1.000000 1 -1.000000
1 4 0 1 -14 0 -6 2 -1.000000 1 -1.000000
0 0 0 -3 -15 -4 -7 -2 -1.000000 1 -1.000000
4 -1 2 -4 -4 0 -7 -5 -1.000000 1 -1.000000
2 0 0 -2 -6 1 -2 0 -1.000000 1 -1.000000
9 0 8 -2 0 4 20 -9 -1.000000 1 -1.000000
-6 -1 -4 -4 -9 5 -21 -2 -1.000000 1 -1.000000
-11 5 -3 -1 -9 2 -18 10 -1.000000 1 -1.000000
8 -3 3 -7 11 -8 4 -7 -1.000000 1 -1.000000
1 4 -4 0 3 0 -2 6 -1.000000 1 -1.000000
10 -3 4 -8 13 -8 7 -2 -1.000000 1 -1.000000
-8 2 -3 1 4 0 -8 7 -1.000000 1 -1.000000
-14 2 -10 1 -7 5 -8 4 -1.000000 1 -1.000000
7 -2 1 0 2 -1 1 5 -1.000000 1 -1.000000
0 1 -6 2 -8 1 3 0 -1.000000 1 -1.000000
0 4 -1 0 -3 0 0 3 -1.000000 1 -1.000000
-8 -1 -7 -5 -9 -5 -5 -2 -1.000000 1 -1.000000
-4 3 -4 0 -6 0 -9 -3 -1.000000 1 -1.000000
-6 4 -6 0 0 3 -3 3 -1.000000 1 -1.000000
1 1 1 -2 7 1 4 1 -1.000000 1 -1.000000
-7 -3 -7 -7 0 -6 -11 -11 -1.000000 1 -1.000000
-6 4 2 8 -1 0 -6 9 -1.000000 1 -1.000000
-10 4 -1 8 -5 0 -29 8 -1.000000 1 -1.000000
-9 2 -11 1 -4 -2 -6 1 -1.000000 1 -1.000000
8 4 -3 0 4 -4 1 0 -1.000000 1 -1.000000
0 7 -11 2 -4 -1 -17 1 -1.000000 1 -1.000000
11 9 1 0 6 0 9 4 -1.000000 1 -1.000000
10 9 6 6 7 3 3 6 -1.000000 1 -1.000000
2 4 -1 1 0 -1 0 1 -1.000000 1 -1.000000
4 0 0 -3 1 -6 -5 -7 -1.000000 1 -1.000000
2 10 -2 7 0 4 -9 1 -1.000000 1 -1.000000
3 2 -8 0 0 -3 -3 -3 -1.000000 1 -1.000000
12 5 0 3 8 0 10 1 -1.000000 1 -1.000000
13 6 12 2 9 0 6 1 -1.000000 1 -1.000000
7 9 8 5 5 2 4 6 -1.000000 1 -1.000000
-10 3 0 5 -9 0 -23 4 -1.000000 1 -1.000000
-9 -3 0 1 -11 1 -25 3 -1.000000 1 -1.000000
4 1 0 5 2 0 -6 0 -1.000000 1 -1.000000
0 -1 -3 3 -1 -1 -7 2 -1.000000 1 -1.000000
0 0 -2 4 0 -1 -8 -1 -1.000000 1 -1.000000
5 4 2 8 3 2 -4 3 -1.000000 1 -1.000000
4 -2 1 1 3 -3 -14 0 -1.000000 1 -1.000000
1 0 1 5 0 -1 -5 0 -1.000000 1 -1.000000
4 -4 4 0 3 -5 -2 -6 -1.000000 1 -1.000000
15 0 15 6 13 0 1 4 -1.000000 1 -1.000000
7 2 7 8 5 1 2 7 -1.000000 1 -1.000000
-7 2 0 6 -6 0 -11 1 -1.000000 1 -1.000000
2 3 2 6 2 1 0 3 -1.000000 1 -1.000000
4 2 5 6 5 1 -2 0 -1.000000 1 -1.000000
13 5 14 8 14 4 7 4 -1.000000 1 -1.000000
0 -2 2 -3 -2 2 -7 -8 -1.000000 1 -1.000000
0 2 1 0 -3 5 -6 0 -1.000000 1 -1.000000
0 1 3 -1 -2 4 -5 1 -1.000000 1 -1.000000
3 0 6 -1 0 3 -2 -4 -1.000000 1 -1.000000
13 -1 16 -3 11 2 8 -3 -1.000000 1 -1.000000
10 1 13 0 8 4 12 -4 -1.000000 1 -1.000000
4 -2 7 -4 1 -1 0 -7 -1.000000 1 -1.000000
9 6 11 3 6 7 3 4 -1.000000 1 -1.000000
0 -5 8 -5 6 -3 17 -5 -1.000000 1 -1.000000
10 0 6 -1 12 1 5 5 -1.000000 1 -1.000000
6 -4 3 -3 9 -2 0 -2 -1.000000 1 -1.000000
3 -5 0 -5 6 -3 -4 -2 -1.000000 1 -1.000000
2 -5 0 -5 5 -3 1 1 -1.000000 1 -1.000000
-2 -10 -5 -9 0 -8 -7 -5 -1.000000 1 -1.000000
-2 -8 -5 -8 0 -6 -14 -8 -1.000000 1 -1.000000
-2 -8 -5 -7 0 -6 -14 -8 -1.000000 1 -1.000000
-1 -5 -4 -5 1 -3 -6 2 -1.000000 1 -1.000000
0 -5 -3 -5 2 -3 -4 1 -1.000000 1 -1.000000
8 -10 5 -9 11 -8 3 -3 -1.000000 1 -1.000000
0 -4 -2 -3 3 -2 -6 -1 -1.000000 1 -1.000000
2 1 -3 0 3 2 -5 2 -1.000000 1 -1.000000
14 0 2 4 15 1 16 3 -1.000000 1 -1.000000
11 -5 0 -4 12 -4 9 0 -1.000000 1 -1.000000
4 -2 -6 -1 5 0 5 -4 -1.000000 1 -1.000000
12 -5 1 -4 13 -4 10 -1 -1.000000 1 -1.000000
1 0 -10 0 1 0 -15 2 -1.000000 1 -1.000000
1 -8 -9 -7 2 -7 -14 -5 -1.000000 1 -1.000000
1 1 -4 5 3 -2 -4 2 -1.000000 1 -1.000000
7 2 1 6 8 -1 -2 4 -1.000000 1 -1.000000
12 5 6 9 13 1 5 4 -1.000000 1 -1.000000
8 5 2 9 10 1 1 0 -1.000000 1 -1.000000
3 1 -1 5 5 -2 5 -9 -1.000000 1 -1.000000
-5 1 -3 8 4 5 -3 6 -1.000000 1 -1.000000
5 -4 7 2 15 0 -2 2 -1.000000 1 -1.000000
-3 0 -2 7 5 3 8 -8 -1.000000 1 -1.000000
4 -7 1 1 8 -2 -2 -6 -1.000000 1 -1.000000
8 -1 5 7 13 3 4 4 -1.000000 1 -1.000000
1 -5 0 2 1 -8 -2 -2 -1.000000 1 -1.000000
11 -1 9 7 11 -3 19 -3 -1.000000 1 -1.000000
1 -2 -4 5 -14 2 -6 3 -1.000000 1 -1.000000
3 0 -3 8 -13 5 -11 8 -1.000000 1 -1.000000
13 2 5 8 -4 4 9 6 -1.000000 1 -1.000000
3 -4 -3 0 -13 -2 -14 3 -1.000000 1 -1.000000
14 1 6 0 -2 3 15 7 -1.000000 1 -1.000000
13 -2 0 -10 -3 -3 -6 0 -1.000000 1 -1.000000
8 -1 -4 -9 -8 -2 1 -7 -1.000000 1 -1.000000
3 6 -9 0 -13 6 -7 1 -1.000000 1 -1.000000
-2 -3 -12 -8 -16 -1 -7 -4 -1.000000 1 -1.000000
11 0 11 -1 -1 1 6 0 -1.000000 1 -1.000000
0 1 -3 -1 -11 0 -9 -3 -1.000000 1 -1.000000
-2 5 -8 3 -12 0 -1 7 -1.000000 1 -1.000000
-14 -4 -8 -4 -12 -7 -6 -4 -1.000000 1 -1.000000
0 3 4 0 13 0 4 -5 -1.000000 1 -1.000000
-10 4 -5 1 4 0 -3 0 -1.000000 1 -1.000000
-2 8 -1 8 11 3 0 8 -1.000000 1 -1.000000
0 0 5 -5 15 -4 5 -10 -1.000000 1 -1.000000
-10 6 -5 0 3 0 -5 1 -1.000000 1 -1.000000
-13 0 -8 -7 0 -6 -10 -3 -1.000000 1 -1.000000
-2 0 6 0 11 -7 14 0 -1.000000 1 -1.000000
-3 4 11 -4 9 2 4 0 -1.000000 1 -1.000000
-10 6 4 -2 2 3 5 -5 -1.000000 1 -1.000000
0 9 15 0 13 7 8 4 -1.000000 1 -1.000000
-10 1 4 -2 -6 5 2 -3 -1.000000 1 -1.000000
-11 1 -3 4 -8 5 -16 9 -1.000000 1 -1.000000
-8 0 -3 5 1 5 -10 5 -1.000000 1 -1.000000
-5 -4 7 5 -3 0 1 1 -1.000000 1 -1.000000
-12 -9 1 0 -10 -5 -22 -2 -1.000000 1 -1.000000
-4 0 7 5 6 -2 11 8 -1.000000 1 -1.000000
-6 0 -7 6 4 0 -4 6 -1.000000 1 -1.000000
5 -4 -2 0 9 -7 7 -1 -1.000000 1 -1.000000
6 1 -1 5 10 -1 8 4 -1.000000 1 -1.000000
3 3 -4 7 8 0 -3 1 -1.000000 1 -1.000000
1 -3 -6 0 6 -6 7 -8 -1.000000 1 -1.000000
-2 -2 -9 2 -2 -6 -6 -1 -1.000000 1 -1.000000
1 3 -6 7 6 0 7 -1 -1.000000 1 -1.000000
5 -1 -1 2 10 4 8 1 -1.000000 1 -1.000000
3 -4 -3 0 7 2 -3 -5 -1.000000 1 -1.000000
9 -4 10 0 13 1 10 0 -1.000000 1 -1.000000
-3 3 0 4 -12 6 -13 6 -1.000000 1 -1.000000
7 -4 12 -2 0 -3 10 0 -1.000000 1 -1.000000
0 -6 6 -5 -1 -9 8 0 -1.000000 1 -1.000000
-4 -6 0 -4 -6 -8 1 -1 -1.000000 1 -1.000000
-2 -2 2 -6 -4 -5 -9 -2 -1.000000 1 -1.000000
6 7 5 -2 4 5 5 2 -1.000000 1 -1.000000
16 2 15 -7 14 0 9 1 -1.000000 1 -1.000000
8 -9 10 -10 3 -3 -2 -10 -1.000000 1 -1.000000
7 -6 9 -7 1 0 5 0 -1.000000 1 -1.000000
10 -8 12 -9 4 -2 12 -8 -1.000000 1 -1.000000
4 -7 6 -8 0 1 0 -6 -1.000000 1 -1.000000
6 0 9 -1 3 8 6 -1 -1.000000 1 -1.000000
0 -4 -12 -9 -6 0 -10 0 -1.000000 1 -1.000000
14 2 -1 4 12 7 1 2 -1.000000 1 -1.000000
9 -2 -5 -1 8 2 3 -6 -1.000000 1 -1.000000
2 2 -12 4 1 7 -15 2 -1.000000 1 -1.000000
0 -1 -16 0 0 1 -7 -1 -1.000000 1 -1.000000
0 4 -15 6 1 7 -13 3 -1.000000 1 -1.000000
3 -3 -7 4 8 2 -2 0 -1.000000 1 -1.000000
7 0 -3 7 12 5 5 5 -1.000000 1 -1.000000
7 -2 -3 4 12 3 5 2 -1.000000 1 -1.000000
7 -6 -4 0 12 -1 5 -4 -1.000000 1 -1.000000
5 6 -6 5 9 4 0 3 -1.000000 1 -1.000000
1 4 -10 3 6 2 -10 1 -1.000000 1 -1.000000
-3 1 -15 0 -13 -6 -6 -1 -1.000000 1 -1.000000
-3 7 -15 6 -13 0 -13 3 -1.000000 1 -1.000000
-7 -4 -10 0 -7 -6 -1 -1 -1.000000 1 -1.000000
0 2 -3 7 -1 1 5 8 -1.000000 1 -1.000000
-4 -3 -7 1 -5 -5 1 0 -1.000000 1 -1.000000
-10 0 -12 4 -11 -2 -10 3 -1.000000 1 -1.000000
1 0 3 2 -1 -1 3 -2 -1.000000 1 -1.000000
-11 -2 -9 -1 -14 -5 -9 0 -1.000000 1 -1.000000
-3 -5 -1 -3 -6 -7 -7 0 -1.000000 1 -1.000000
-3 0 -1 0 -6 -2 -7 3 -1.000000 1 -1.000000
2 2 14 5 0 2 6 4 -1.000000 1 -1.000000
0 -1 11 4 -3 1 16 0 -1.000000 1 -1.000000
1 -5 15 -3 4 -3 15 0 -1.000000 1 -1.000000
0 -6 14 -4 1 -7 14 -1 -1.000000 1 -1.000000
-1 1 13 2 0 -1 7 4 -1.000000 1 -1.000000
0 2 15 3 1 0 14 6 -1.000000 1 -1.000000
9 3 14 0 12 -4 13 0 -1.000000 1 -1.000000
5 7 10 4 8 0 6 -1 -1.000000 1 -1.000000
6 6 12 2 8 4 14 1 -1.000000 1 -1.000000
-1 8 5 4 -2 -1 4 -3 -1.000000 1 -1.000000
7 3 13 0 5 -6 10 0 -1.000000 1 -1.000000
-4 2 1 -2 -6 -8 -14 -1 -1.000000 1 -1.000000
-6 8 0 4 -7 -1 -11 8 -1.000000 1 -1.000000
10 8 16 4 9 1 8 3 -1.000000 1 -1.000000
-5 -5 5 -4 -1 -7 3 -11 -1.000000 1 -1.000000
4 1 4 0 9 0 7 -1 -1.000000 1 -1.000000
3 3 2 2 7 1 3 1 -1.000000 1 -1.000000
-10 -3 -11 -3 -6 -4 -14 -1 -1.000000 1 -1.000000
-4 -3 1 -2 4 -3 -9 1 -1.000000 1 -1.000000
5 -6 11 -4 14 -6 12 -8 -1.000000 1 -1.000000
-9 2 -3 3 1 7 -13 8 -1.000000 1 -1.000000
-6 -3 0 -2 4 1 3 0 -1.000000 1 -1.000000
0 -5 6 -3 11 0 13 2 -1.000000 1 -1.000000
-1 0 0 4 9 5 0 3 -1.000000 1 -1.000000
-9 -7 -10 -1 1 -2 -12 -3 -1.000000 1 -1.000000
2 8 1 5 13 5 8 5 -1.000000 1 -1.000000
-2 7 -4 4 7 4 10 -7 -1.000000 1 -1.000000
0 -2 -6 3 6 2 5 -5 -1.000000 1 -1.000000
7 -1 2 4 14 3 5 -1 -1.000000 1 -1.000000
3 -2 -8 0 4 1 -7 -6 -1.000000 1 -1.000000
-1 -4 -11 0 1 2 -24 0 -1.000000 1 -1.000000
1 -1 -7 4 4 6 -8 7 -1.000000 1 -1.000000
5 -5 -4 0 8 2 0 -1 -1.000000 1 -1.000000
6 1 -2 7 9 9 0 -2 -1.000000 1 -1.000000
9 -7 0 -1 12 0 3 -8 -1.000000 1 -1.000000
12 -4 6 0 15 3 12 3 -1.000000 1 -1.000000
11 -6 5 -1 -1 -2 12 -5 -1.000000 1 -1.000000
2 0 5 5 -2 6 -2 1 -1.000000 1 -1.000000
14 -4 16 0 8 0 2 4 -1.000000 1 -1.000000
3 -3 5 2 -1 2 -1 -2 -1.000000 1 -1.000000
11 -4 13 0 6 0 7 -2 -1.000000 1 -1.000000
-10 0 1 5 -6 5 -23 5 -1.000000 1 -1.000000
0 0 12 5 2 4 9 3 -1.000000 1 -1.000000
0 -2 9 0 6 0 17 0 -1.000000 1 -1.000000
-11 -4 -1 -2 -7 -5 -9 0 -1.000000 1 -1.000000
-4 -6 4 -4 -1 -8 4 -13 -1.000000 1 -1.000000
-7 0 2 1 -3 -1 -2 6 -1.000000 1 -1.000000
-1 6 7 2 1 0 8 0 -1.000000 1 -1.000000
-14 8 -10 8 -9 4 -18 1 -1.000000 1 -1.000000
-6 9 -1 9 -4 8 1 8 -1.000000 1 -1.000000
-14 2 -10 2 -12 0 -14 1 -1.000000 1 -1.000000
13 -6 12 3 9 -2 12 0 -1.000000 1 -1.000000
6 -5 5 3 2 -1 7 0 -1.000000 1 -1.000000
8 -9 7 0 -4 -5 0 -7 -1.000000 1 -1.000000
6 -2 6 7 -5 1 7 7 -1.000000 1 -1.000000
0 -4 -6 -3 -12 0 1 -5 -1.000000 1 -1.000000
3 -2 -2 0 -8 2 -7 0 -1.000000 1 -1.000000
-1 -8 -3 -4 -13 -4 -7 0 -1.000000 1 -1.000000
-2 -7 -4 -2 -14 -2 2 -12 -1.000000 1 -1.000000
7 -5 3 -2 -4 -1 0 -3 -1.000000 1 -1.000000
6 -8 2 -5 -6 -3 -10 2 -1.000000 1 -1.000000
11 -7 7 -4 -2 -7 17 -8 -1.000000 1 -1.000000
3 8 14 6 2 2 13 8 -1.000000 1 -1.000000
-2 5 8 3 -2 0 14 8 -1.000000 1 -1.000000
0 7 10 5 0 0 17 0 -1.000000 1 -1.000000
-12 8 -1 6 -11 1 -13 8 -1.000000 1 -1.000000
-12 -2 1 2 -8 -1 -21 1 -1.000000 1 -1.000000
-7 -4 -4 -3 -2 2 -6 2 -1.000000 1 -1.000000
-11 -2 -9 -2 -6 3 -7 2 -1.000000 1 -1.000000
-13 -6 -11 -5 -8 0 -15 -6 -1.000000 1 -1.000000
5 2 -3 -2 0 3 9 5 -1.000000 1 -1.000000
5 7 -6 0 -4 5 -2 2 -1.000000 1 -1.000000
14 3 3 -4 4 0 24 1 -1.000000 1 -1.000000
-4 -7 -3 -3 -1 -2 12 -13 -1.000000 1 -1.000000
-2 -6 -3 1 1 0 15 -10 -1.000000 1 -1.000000
-11 -9 1 -5 -10 0 -20 -3 -1.000000 1 -1.000000
-9 -5 1 3 -8 3 -24 4 -1.000000 1 -1.000000
13 2 2 0 1 5 7 -3 -1.000000 1 -1.000000
10 -2 -3 -3 -1 1 7 0 -1.000000 1 -1.000000
9 0 -3 0 -2 4 10 0 -1.000000 1 -1.000000
-14 0 -15 2 -2 7 -12 -1 -1.000000 1 -1.000000
4 -3 -1 0 11 3 10 1 -1.000000 1 -1.000000
-6 -7 -12 -4 2 0 -17 1 -1.000000 1 -1.000000
6 -9 -1 -5 3 -9 0 -8 -1.000000 1 -1.000000
6 -4 -2 0 2 -4 9 1 -1.000000 1 -1.000000
-4 -8 -12 -4 -8 -8 -17 1 -1.000000 1 -1.000000
5 -2 -2 1 1 -2 9 3 -1.000000 1 -1.000000
3 -8 -1 -6 0 -8 10 -13 -1.000000 1 -1.000000
-4 -7 -9 1 -7 -7 -10 0 -1.000000 1 -1.000000
5 0 -1 0 2 0 9 5 -1.000000 1 -1.000000
14 2 8 -1 4 0 14 5 -1.000000 1 -1.000000
10 0 4 -4 0 -3 -6 0 -1.000000 1 -1.000000
5 3 0 -1 -4 0 -10 5 -1.000000 1 -1.000000
9 1 3 -2 -3 1 -1 0 -1.000000 1 -1.000000
12 1 5 -2 0 3 9 2 -1.000000 1 -1.000000
1 -4 -4 -9 -9 -2 -4 0 -1.000000 1 -1.000000
9 -5 2 -9 -3 -7 10 -1 -1.000000 1 -1.000000
0 -1 -5 -4 -11 -2 2 -5 -1.000000 1 -1.000000
